countyIndex_from countyIndex_to distance_b0 distance_b1 time_b0 time_b1
1 1 0.63 1.59 6.9 1.96
1 2 15.02 0.73 26.39 0.44
1 3 7.74 1.22 28.86 0.79
1 4 14.25 1.03 31.46 0.61
1 5 120.26 -0.11 233.4 -1.61
1 6 -6.17 1.26 20.8 0.68
1 7 32.26 0.99 66.39 0.38
1 8 143.94 0.29 309.35 -1.13
1 9 -5.12 1.25 56.83 0.52
1 10 322.72 -0.37 266.44 -0.5
1 11 68.51 0.91 16.92 0.73
1 12 626.33 -1.47 739.85 -2.39
1 13 52.17 0.99 29.17 0.7
1 14 123.24 0.76 71.64 0.52
1 15 398.4 -0.07 251.9 -0.03
1 16 44.44 1.18 -69.07 1.06
1 17 36.14 0.85 45.61 0.77
1 18 57.13 1.01 70.23 1.16
1 19 -316.64 2.57 217.69 0.57
1 20 924.29 -1.31 1337.9 -2.62
2 1 15.5 0.7 26.8 0.45
2 2 0.22 1.48 5.52 2.26
2 3 6.7 1.28 22.55 1.14
2 4 10.33 1.15 20.4 1
2 5 32.67 0.92 71.3 0.3
2 6 15.58 1.03 -7.77 1.17
2 7 28.16 1 52.32 0.47
2 8 140.14 0.18 237.02 -0.87
2 9 13.75 1.14 30.05 0.67
2 10 282.8 -0.31 226.21 -0.38
2 11 66.11 0.88 0.76 0.83
2 12 537.81 -1.3 627.14 -2.13
2 13 152.95 0.48 -45.46 1.06
2 14 120.48 0.72 54.12 0.57
2 15 369.21 -0.06 210.57 0.07
2 16 48.83 1.14 -55.25 1.03
2 17 15.76 1.16 23.04 1.01
2 18 60.73 1.03 67.93 1.19
2 19 -197.79 2.17 209.04 0.58
2 20 853.11 -1.25 1205.06 -2.39
3 1 7.19 1.22 28.11 0.81
3 2 6.88 1.26 24.25 1.11
3 3 5.86 1.39 16.89 1.43
3 4 10.36 1.25 27.8 1.02
3 5 21.74 1.18 44.94 0.88
3 6 12.02 1.15 15.49 0.92
3 7 16 1.18 29.5 0.81
3 8 42.85 0.98 72.33 0.49
3 9 -3.7 1.27 -18.82 1.02
3 10 191.79 0.4 136.1 0.35
3 11 0.71 1.26 -49.53 1.14
3 12 181.34 0.54 173.73 0.22
3 13 -21.9 1.35 -70.58 1.22
3 14 38.64 1.07 -22.73 0.92
3 15 147.06 0.75 36.09 0.71
3 16 37.29 1.2 -71.48 1.11
3 17 32.05 1.02 41.42 0.89
3 18 83.96 0.93 88.73 1.1
3 19 -68.33 1.68 218.5 0.59
3 20 410.48 0.48 608.47 -0.06
4 1 12.82 1.06 25.55 0.71
4 2 9.19 1.2 18.05 1.06
4 3 9.54 1.27 25.11 1
4 4 -0.34 1.59 5.55 2.04
4 5 2.86 1.51 14.91 1.38
4 6 6.12 1.29 17.13 0.94
4 7 22.88 1.06 49.29 0.46
4 8 115.77 0.19 185.78 -0.77
4 9 37.68 0.96 74.66 0.34
4 10 232.6 -0.2 203.91 -0.41
4 11 80.22 0.75 89.99 0.31
4 12 368.94 -0.69 464.2 -1.6
4 13 150.03 0.4 183.05 -0.14
4 14 119.39 0.68 95.91 0.38
4 15 316.2 0.02 244.04 -0.12
4 16 79.84 1.02 -12.53 0.91
4 17 55.34 0.82 70.64 0.41
4 18 119.46 0.96 128.54 1.05
4 19 -17.53 1.85 436.56 -0.28
4 20 652.25 -0.68 984.38 -1.82
5 1 125.12 -0.18 219.96 -1.47
5 2 36.77 0.86 67.94 0.36
5 3 21.94 1.16 43.14 0.87
5 4 2.89 1.52 15.99 1.41
5 5 -1.18 1.71 0.84 2.52
5 6 -1.46 1.58 1.68 2.01
5 7 12.15 1.2 37.43 0.61
5 8 85.2 0.33 113.25 -0.14
5 9 10.4 1.22 34.04 0.75
5 10 223.89 -0.42 223.29 -0.78
5 11 62.77 0.83 78.74 0.4
5 12 365.22 -0.97 499.44 -2.16
5 13 169.3 0.16 249.77 -0.64
5 14 114.88 0.66 107.35 0.34
5 15 341.52 -0.2 301.03 -0.4
5 16 102.36 0.93 40.45 0.78
5 17 168.3 -0.38 264.49 -1.79
5 18 191.49 0.75 225.06 0.58
5 19 255.51 0.85 644.78 -1.29
5 20 547.26 -0.38 787.84 -1.13
6 1 -29 1.52 5.3 0.85
6 2 4.15 1.21 -7.04 1.15
6 3 10.06 1.17 13.04 0.93
6 4 5.24 1.35 11.47 1.28
6 5 -1.53 1.59 -0.68 2.23
6 6 0.45 1.4 6.17 1.85
6 7 6.72 1.17 26.52 0.64
6 8 58.02 0.5 61.87 0.2
6 9 9.41 1.09 19.73 0.64
6 10 171.29 -0.09 131.61 -0.11
6 11 -4.43 1.21 -31.47 1.02
6 12 337.18 -0.9 477.58 -2.19
6 13 -23.39 1.29 -118.31 1.56
6 14 68.3 0.8 26.62 0.6
6 15 270.35 0.02 152.91 0.11
6 16 43.38 1.06 -58.78 1.02
6 17 74.45 0.76 15.6 1.08
6 18 113.74 1.34 85.53 1.58
6 19 263.26 0.75 588.56 -1.09
6 20 688.42 -1.2 1010.27 -2.43
7 1 30.79 1 42.94 0.58
7 2 28.81 1 33.44 0.68
7 3 14.67 1.19 22.97 0.85
7 4 24.67 1.03 42.79 0.55
7 5 12.57 1.18 35.96 0.62
7 6 6.23 1.19 24.47 0.65
7 7 2.79 1.52 14.88 1.35
7 8 5.71 1.48 22.9 1.07
7 9 11.05 1.15 34.56 0.6
7 10 76.09 0.78 85 0.37
7 11 15.73 1.11 39.86 0.56
7 12 87.39 0.74 141.3 0.01
7 13 20.74 1.05 52.62 0.5
7 14 37.71 0.97 50.86 0.53
7 15 123.31 0.6 116.12 0.26
7 16 54.99 1.03 2.48 0.86
7 17 117.79 0.55 115.49 0.19
7 18 196.41 1.05 184.79 1.05
7 19 483.53 -0.34 513.98 -0.9
7 20 383.89 0.22 629.33 -0.65
8 1 135.59 0.35 284.75 -0.99
8 2 138 0.2 239.52 -0.9
8 3 38.95 1 69.82 0.48
8 4 113.87 0.2 181.81 -0.74
8 5 87.68 0.28 110.25 -0.12
8 6 57.56 0.5 63.8 0.16
8 7 5.7 1.46 23.12 1.06
8 8 -11.29 2.37 -8.4 2.94
8 9 -7.59 1.7 -12.72 1.9
8 10 7.5 1.49 11.22 1.45
8 11 -17.77 1.64 -43.64 1.79
8 12 23.83 1.3 21.04 1.14
8 13 -35.81 1.68 -85.64 2.03
8 14 1.85 1.21 -30.65 1.11
8 15 90.93 0.68 17.57 0.74
8 16 42.91 1.06 -21.54 0.98
8 17 156.77 0.43 214.03 -0.39
8 18 -16 3.16 212.82 1.01
8 19 503.98 -0.8 504.2 -1.2
8 20 333.27 0.35 491.44 0
9 1 -14.32 1.29 34.62 0.63
9 2 2.61 1.2 23.75 0.7
9 3 -12.29 1.31 -15.97 0.98
9 4 29.98 1.01 75.29 0.32
9 5 7.03 1.23 35.54 0.73
9 6 5.63 1.12 29.72 0.54
9 7 5.52 1.21 26.02 0.68
9 8 -8.58 1.72 -11.79 1.92
9 9 -0.17 1.43 8.78 1.3
9 10 3.03 1.47 8.85 1.39
9 11 1.65 1.39 17.89 0.88
9 12 0.36 1.68 19.1 1.28
9 13 -3.74 1.31 11.19 0.9
9 14 18.38 1.03 17.67 0.7
9 15 83.83 0.6 59.78 0.4
9 16 36.72 1.04 -10.68 0.93
9 17 225.84 0.15 183.65 -0.04
9 18 189.02 0.84 458.68 -1.27
9 19 445.95 -0.71 437.16 -1.04
9 20 385.81 -0.4 643.77 -1.64
10 1 308.76 -0.29 244.86 -0.37
10 2 278.78 -0.3 213.06 -0.28
10 3 183.32 0.44 131.61 0.36
10 4 230.62 -0.21 191.03 -0.32
10 5 218.53 -0.44 221.64 -0.78
10 6 167.88 -0.07 125.06 -0.05
10 7 65.67 0.89 79.08 0.42
10 8 8.02 1.47 11.63 1.49
10 9 2.77 1.48 10.34 1.37
10 10 1 1.78 12.1 1.88
10 11 4.92 1.54 25.27 1.05
10 12 54.99 1.01 96.91 0.24
10 13 -0.72 1.55 15.92 1.13
10 14 9.64 1.36 17.76 0.95
10 15 53.52 1.09 47.65 0.73
10 16 46.75 1.18 8.58 1.02
10 17 195.81 0.64 251.41 -0.28
10 18 56.7 2.02 132.39 2.25
10 19 449.28 -0.72 435.32 -0.94
10 20 251.62 0.95 463.67 0.29
11 1 49.33 0.99 7.46 0.77
11 2 57.03 0.93 -11.6 0.88
11 3 -4.94 1.27 -41.57 1.07
11 4 72.79 0.79 79.95 0.35
11 5 60.4 0.84 83.72 0.36
11 6 -6.36 1.21 -33.75 1.03
11 7 3.71 1.21 17.32 0.75
11 8 -18.28 1.63 -48.29 1.87
11 9 0.79 1.41 16.38 0.88
11 10 4.59 1.52 23.37 1.03
11 11 -1.91 1.5 8.66 1.13
11 12 0.63 1.72 11.24 1.61
11 13 -4.12 1.58 22.07 0.72
11 14 20.86 0.94 25.18 0.57
11 15 103.62 0.27 82.95 0.1
11 16 37.41 1.01 -6.86 0.94
11 17 294.26 -0.04 201.99 -0.02
11 18 410.84 -1 534.69 -1.7
11 19 474.23 -1.41 488.46 -1.85
11 20 361.69 -0.56 601.83 -1.67
12 1 614.84 -1.43 675.53 -2.11
12 2 530.14 -1.26 589.87 -1.95
12 3 176.05 0.55 173.84 0.19
12 4 354.29 -0.62 431.63 -1.43
12 5 370.12 -1.01 495.35 -2.14
12 6 344.9 -0.96 455.53 -2.05
12 7 76.06 0.82 120.07 0.17
12 8 22.22 1.32 8.63 1.28
12 9 3.24 1.64 21.16 1.23
12 10 55.64 0.98 92.8 0.29
12 11 0.08 1.74 12.07 1.62
12 12 8.8 1.53 27.62 1.58
12 13 -6.93 2.02 -1.8 2.65
12 14 4.54 1.41 8.46 1.37
12 15 59.24 0.79 21.85 0.95
12 16 48.66 1.01 22.48 0.95
12 17 515.79 -0.94 458.01 -1.12
12 18 508.62 -1.6 498.28 -1.19
12 19 413.29 -1.14 432.85 -1.57
12 20 246.12 0.61 387.59 0.71
13 1 0.31 1.22 -64.09 1.11
13 2 151.53 0.49 -87.37 1.26
13 3 -19.8 1.33 -68.61 1.2
13 4 137 0.47 168.96 -0.08
13 5 184.52 0.06 282 -0.85
13 6 13.49 1.05 -72.31 1.26
13 7 0.77 1.19 29.04 0.67
13 8 -41.26 1.75 -98.5 2.2
13 9 0.36 1.24 17.03 0.81
13 10 -1.26 1.55 6.8 1.28
13 11 -4.2 1.59 22.26 0.75
13 12 -6.42 1.97 -2.44 2.67
13 13 0.11 1.3 1.81 2.96
13 14 6.37 1.17 16.01 0.83
13 15 73.64 0.43 57.81 0.3
13 16 30.69 1 -2.94 0.97
13 17 403.53 -0.47 268.82 -0.24
13 18 627.54 -2.66 488.41 -1.16
13 19 459.8 -1.76 476.68 -2.14
13 20 426.29 -1.51 738.21 -3.3
14 1 114.12 0.79 67.87 0.52
14 2 108.29 0.77 60.93 0.54
14 3 31.59 1.1 -11.08 0.85
14 4 105.52 0.74 88.15 0.4
14 5 107.31 0.69 110.48 0.32
14 6 62.73 0.83 27.75 0.6
14 7 29.4 1.01 28.1 0.64
14 8 -1.54 1.24 -37.53 1.16
14 9 22.3 1 17.91 0.69
14 10 7.73 1.37 11.76 1
14 11 19.59 0.96 23.31 0.6
14 12 5.5 1.4 8.15 1.34
14 13 7.01 1.16 17.19 0.78
14 14 0.49 1.37 10.29 1.1
14 15 15.06 1.1 34.95 0.58
14 16 24.03 1.03 12.57 0.9
14 17 299.08 0.25 188.68 0.2
14 18 344.5 0.01 303.12 0.29
14 19 180.85 0.67 166.48 0.68
14 20 257.71 -0.15 398.11 0.12
15 1 396.56 -0.07 247.29 -0.02
15 2 360.41 -0.03 213.21 0.06
15 3 146.76 0.74 52.16 0.65
15 4 308.16 0.05 230.88 -0.07
15 5 343.34 -0.21 316.93 -0.47
15 6 263.39 0.05 159.01 0.08
15 7 105.42 0.68 91.76 0.37
15 8 84.41 0.72 5.54 0.82
15 9 87.68 0.57 61.89 0.4
15 10 50.64 1.1 41.69 0.77
15 11 101.57 0.28 78.22 0.16
15 12 57.03 0.8 22.15 0.95
15 13 75.03 0.42 58.54 0.29
15 14 13.67 1.12 35.1 0.59
15 15 2.82 1.29 11.79 1.26
15 16 7.75 1.2 15.68 1.13
15 17 484.87 -0.28 328.24 -0.21
15 18 164.99 0.93 234.16 0.64
15 19 126.73 0.8 126.92 0.99
15 20 104.72 0.69 159.31 1.72
16 1 45.5 1.17 -101.27 1.17
16 2 51.91 1.13 -99.52 1.18
16 3 40.22 1.19 -87.78 1.16
16 4 82.35 1.01 -35.32 0.99
16 5 105.14 0.92 28.2 0.83
16 6 45.04 1.05 -69.59 1.06
16 7 47.58 1.05 -22.25 0.96
16 8 42.85 1.05 -35.35 1.06
16 9 40.06 1.02 -17.33 0.99
16 10 47.52 1.18 -2.32 1.09
16 11 38.9 0.99 -10.37 0.99
16 12 49.62 1.01 17.17 1.01
16 13 33.78 0.99 -5.21 0.99
16 14 24.95 1.03 10.14 0.96
16 15 7.6 1.19 16.22 1.09
16 16 4.24 1.16 12.83 1.19
16 17 213.9 0.85 49.25 0.89
16 18 176.69 0.53 191.04 0.61
16 19 140.96 0.25 151.81 0.36
16 20 60.55 1.02 224.66 1.14
17 1 34.01 0.81 41.36 0.53
17 2 26.81 0.93 38.67 0.62
17 3 33.25 0.98 45.23 0.73
17 4 61.77 0.69 95.09 -0.01
17 5 152.71 -0.21 273.82 -1.91
17 6 92.67 0.53 57.94 0.59
17 7 113.04 0.58 125.62 0.11
17 8 148.78 0.48 205.09 -0.31
17 9 214.87 0.22 149.43 0.17
17 10 224.7 0.45 253.91 -0.3
17 11 278.77 0.04 172.25 0.14
17 12 499.19 -0.86 470.52 -1.17
17 13 375.29 -0.34 226.5 -0.05
17 14 286.76 0.29 170.17 0.28
17 15 466.79 -0.22 276.97 -0.02
17 16 197.96 0.9 43.14 0.91
17 17 0.26 1.33 5.99 1.55
17 18 44.3 1.01 82.4 0.97
17 19 -123.01 1.81 56.71 1.23
17 20 829.76 -0.92 1032.79 -1.52
18 1 49.54 1.05 41.69 1.26
18 2 53.77 1.07 51.18 1.3
18 3 78.5 0.96 76.22 1.16
18 4 113.94 1 116.13 1.12
18 5 180.73 0.83 211.02 0.7
18 6 106.26 1.39 67.81 1.69
18 7 184.3 1.17 163.66 1.25
18 8 29.68 2.73 188.57 1.23
18 9 276.45 0.06 417.28 -0.9
18 10 56.61 2.07 139.24 2.2
18 11 603.44 -2.62 470.2 -1.21
18 12 511.35 -1.63 485.58 -1.12
18 13 651.64 -2.84 432.25 -0.79
18 14 355.91 -0.09 282.23 0.41
18 15 175.16 0.87 186.89 0.86
18 16 179.94 0.5 194.09 0.55
18 17 43.86 1.01 77.88 1.12
18 18 4.87 1.21 13.69 1.39
18 19 5.66 1.16 4.77 1.33
18 20 204.92 1.41 498.82 0.9
19 1 -266.11 2.34 307.18 0.19
19 2 -200.69 2.18 348.99 0.04
19 3 -42.03 1.59 323.16 0.18
19 4 -19.29 1.92 539.56 -0.75
19 5 331.97 0.52 745.63 -1.79
19 6 377.62 0.26 699.49 -1.63
19 7 494.79 -0.39 540.6 -1.07
19 8 501.65 -0.79 535.41 -1.43
19 9 449.43 -0.74 476.48 -1.35
19 10 451.42 -0.74 448.21 -1.1
19 11 476.02 -1.43 507.48 -2.09
19 12 415.01 -1.16 460.75 -1.91
19 13 462.07 -1.78 516.4 -2.64
19 14 177.03 0.72 168.58 0.64
19 15 125.64 0.81 95.63 1.28
19 16 139.43 0.26 157.94 0.32
19 17 -192.56 2.14 116.96 0.92
19 18 5.23 1.16 6.6 1.32
19 19 8.86 1.17 16.48 1.27
19 20 309.95 0.27 554.1 -0.03
20 1 904.3 -1.23 1363.01 -2.68
20 2 857.18 -1.26 1239.76 -2.49
20 3 402.71 0.51 621.87 -0.09
20 4 658.83 -0.7 965.45 -1.73
20 5 542.51 -0.36 790.8 -1.13
20 6 691.02 -1.21 993.58 -2.34
20 7 375.79 0.27 605.52 -0.51
20 8 336.43 0.34 487.83 0.05
20 9 398.8 -0.52 645.14 -1.63
20 10 251.06 0.95 446.47 0.4
20 11 359.14 -0.54 604.51 -1.68
20 12 241.64 0.65 378.18 0.8
20 13 423.28 -1.46 744.31 -3.38
20 14 260.94 -0.19 415.43 -0.07
20 15 105.93 0.68 184.71 1.5
20 16 67.52 0.99 224.02 1.12
20 17 851.45 -0.99 1096.49 -1.74
20 18 184.62 1.51 623.23 0.36
20 19 309.37 0.27 561.98 -0.02
20 20 4.78 1.36 -3.68 3.42
21 21 0.59 1.15 3.28 1.72
22 22 1 1.06 1.3 2.71
