baseCountyIndex_from baseCountyIndex_to [intermediateCountyIndex...]
1 1
1 2
1 3 2
1 4 2 3
1 5 2 3 4
1 6 2 3 4 5
1 7 2 3 4 5 6
1 8 2 3 4 5 6 7
1 9 2 3 4 5 6 7 8
1 10 2 3 4 5 6 7 8
1 11 2 3 4 5 6 7 8 10 9
1 12 2 3 4 5 6 7 8 10 9 11
1 13 2 3 4 5 6 7 8 10 9 11 12
1 14 2 3 4 5 6 7 8 10 9 11 12 13
1 15 2 3 4 5 6 7 8 10 9 11 12 13 14
1 16 2 3 4 5 6 7 8 10 9 11 12 13 14 15
1 17
1 18 17
1 19 17 18
1 20 2
1 21 2
1 22
2 1
2 2
2 3
2 4 3
2 5 3 4
2 6 3 4 5
2 7 3 4 5 6
2 8 3 4 5 6 7
2 9 3 4 5 6 7 8
2 10 3 4 5 6 7 8
2 11 3 4 5 6 7 8 10 9
2 12 3 4 5 6 7 8 10 9 11
2 13 3 4 5 6 7 8 10 9 11 12
2 14 3 4 5 6 7 8 10 9 11 12 13
2 15 3 4 5 6 7 8 10 9 11 12 13 14
2 16 3 4 5 6 7 8 10 9 11 12 13 14 15
2 17
2 18 17
2 19 17 18
2 20
2 21
2 22 1
3 1 2
3 2
3 3
3 4
3 5 4
3 6 4 5
3 7 4 5 6
3 8 4 5 6 7
3 9 4 5 6 7 8
3 10 4 5 6 7 8
3 11 4 5 6 7 8 10 9
3 12 4 5 6 7 8 10 9 11
3 13 4 5 6 7 8 10 9 11 12
3 14 4 5 6 7 8 10 9 11 12 13
3 15 4 5 6 7 8 10 9 11 12 13 14
3 16 4 5 6 7 8 10 9 11 12 13 14 15
3 17
3 18 17
3 19 17 18
3 20 2
3 21 2
3 22 2 1
4 1 3 2
4 2 3
4 3
4 4
4 5
4 6 5
4 7 5 6
4 8 5 6 7
4 9 5 6 7 8
4 10 5 6 7 8
4 11 5 6 7 8 10 9
4 12 5 6 7 8 10 9 11
4 13 5 6 7 8 10 9 11 12
4 14 5 6 7 8 10 9 11 12 13
4 15 5 6 7 8 10 9 11 12 13 14
4 16 5 6 7 8 10 9 11 12 13 14 15
4 17 3 2
4 18 3 2 17
4 19 5 6 7 8 10 9 11 12 13 14 15 16
4 20 3 2
4 21 3 2
4 22 3 2 1
5 1 4 3 2
5 2 4 3
5 3 4
5 4
5 5
5 6
5 7 6
5 8 6 7
5 9 6 7 8
5 10 6 7 8
5 11 6 7 8 10 9
5 12 6 7 8 10 9 11
5 13 6 7 8 10 9 11 12
5 14 6 7 8 10 9 11 12 13
5 15 6 7 8 10 9 11 12 13 14
5 16 6 7 8 10 9 11 12 13 14 15
5 17 4 3 2
5 18 4 3 2 17
5 19 6 7 8 10 9 11 12 13 14 15 16
5 20 4 3 2
5 21 4 3 2
5 22 4 3 2 1
6 1 5 4 3 2
6 2 5 4 3
6 3 5 4
6 4 5
6 5
6 6
6 7
6 8 7
6 9 7 8
6 10 7 8
6 11 7 8 10 9
6 12 7 8 10 9 11
6 13 7 8 10 9 11 12
6 14 7 8 10 9 11 12 13
6 15 7 8 10 9 11 12 13 14
6 16 7 8 10 9 11 12 13 14 15
6 17 5 4 3 2
6 18 5 4 3 2 17
6 19 7 8 10 9 11 12 13 14 15 16
6 20 5 4 3 2
6 21 5 4 3 2
6 22 5 4 3 2 1
7 1 6 5 4 3 2
7 2 6 5 4 3
7 3 6 5 4
7 4 6 5
7 5 6
7 6
7 7
7 8
7 9 8
7 10 8
7 11 8 10 9
7 12 8 10 9 11
7 13 8 10 9 11 12
7 14 8 10 9 11 12 13
7 15 8 10 9 11 12 13 14
7 16 8 10 9 11 12 13 14 15
7 17 6 5 4 3 2
7 18 6 5 4 3 2 17
7 19 8 10 9 11 12 13 14 15 16
7 20 8 10 9 11 12
7 21 8
7 22 6 5 4 3 2 1
8 1 7 6 5 4 3 2
8 2 7 6 5 4 3
8 3 7 6 5 4
8 4 7 6 5
8 5 7 6
8 6 7
8 7
8 8
8 9
8 10
8 11 10 9
8 12 10 9 11
8 13 10 9 11 12
8 14 10 9 11 12 13
8 15 10 9 11 12 13 14
8 16 10 9 11 12 13 14 15
8 17 7 6 5 4 3 2
8 18 7 6 5 4 3 2 17
8 19 10 9 11 12 13 14 15 16
8 20 10 9 11 12
8 21
8 22 7 6 5 4 3 2 1
9 1 8 7 6 5 4 3 2
9 2 8 7 6 5 4 3
9 3 8 7 6 5 4
9 4 8 7 6 5
9 5 8 7 6
9 6 8 7
9 7 8
9 8
9 9
9 10
9 11
9 12 11
9 13 11 12
9 14 11 12 13
9 15 11 12 13 14
9 16 11 12 13 14 15
9 17 8 7 6 5 4 3 2
9 18 10
9 19 11 12 13 14 15 16
9 20 11 12
9 21 8
9 22 8 7 6 5 4 3 2 1
10 1 8 7 6 5 4 3 2
10 2 8 7 6 5 4 3
10 3 8 7 6 5 4
10 4 8 7 6 5
10 5 8 7 6
10 6 8 7
10 7 8
10 8
10 9
10 10
10 11 9
10 12 9 11
10 13 9 11 12
10 14 9 11 12 13
10 15 9 11 12 13 14
10 16 9 11 12 13 14 15
10 17 8 7 6 5 4 3 2
10 18
10 19 9 11 12 13 14 15 16
10 20 9 11 12
10 21 8
10 22 8 7 6 5 4 3 2 1
11 1 9 10 8 7 6 5 4 3 2
11 2 9 10 8 7 6 5 4 3
11 3 9 10 8 7 6 5 4
11 4 9 10 8 7 6 5
11 5 9 10 8 7 6
11 6 9 10 8 7
11 7 9 10 8
11 8 9 10
11 9
11 10 9
11 11
11 12
11 13 12
11 14 12 13
11 15 12 13 14
11 16 12 13 14 15
11 17 9 8 7 6 5 4 3 2
11 18 9 10
11 19 12 13 14 15 16
11 20 12
11 21 9 8
11 22 9 10 8 7 6 5 4 3 2 1
12 1 11 9 10 8 7 6 5 4 3 2
12 2 11 9 10 8 7 6 5 4 3
12 3 11 9 10 8 7 6 5 4
12 4 11 9 10 8 7 6 5
12 5 11 9 10 8 7 6
12 6 11 9 10 8 7
12 7 11 9 10 8
12 8 11 9 10
12 9 11
12 10 11 9
12 11
12 12
12 13
12 14 13
12 15 13 14
12 16 13 14 15
12 17 11 9 8 7 6 5 4 3 2
12 18 11 9 10
12 19 13 14 15 16
12 20
12 21 11 9 8
12 22 11 9 10 8 7 6 5 4 3 2 1
13 1 12 11 9 10 8 7 6 5 4 3 2
13 2 12 11 9 10 8 7 6 5 4 3
13 3 12 11 9 10 8 7 6 5 4
13 4 12 11 9 10 8 7 6 5
13 5 12 11 9 10 8 7 6
13 6 12 11 9 10 8 7
13 7 12 11 9 10 8
13 8 12 11 9 10
13 9 12 11
13 10 12 11 9
13 11 12
13 12
13 13
13 14
13 15 14
13 16 14 15
13 17 12 11 9 8 7 6 5 4 3 2
13 18 12 11 9 10
13 19 14 15 16
13 20 12
13 21 12 11 9 8
13 22 12 11 9 10 8 7 6 5 4 3 2 1
14 1 13 12 11 9 10 8 7 6 5 4 3 2
14 2 13 12 11 9 10 8 7 6 5 4 3
14 3 13 12 11 9 10 8 7 6 5 4
14 4 13 12 11 9 10 8 7 6 5
14 5 13 12 11 9 10 8 7 6
14 6 13 12 11 9 10 8 7
14 7 13 12 11 9 10 8
14 8 13 12 11 9 10
14 9 13 12 11
14 10 13 12 11 9
14 11 13 12
14 12 13
14 13
14 14
14 15
14 16 15
14 17 12 11 9 8 7 6 5 4 3 2
14 18 12 11 9 8 7 6 5 4 3 2 17
14 19 15 16
14 20 12
14 21 15
14 22 13 12 11 9 10 8 7 6 5 4 3 2 1
15 1 14 13 12 11 9 10 8 7 6 5 4 3 2
15 2 14 13 12 11 9 10 8 7 6 5 4 3
15 3 14 13 12 11 9 10 8 7 6 5 4
15 4 14 13 12 11 9 10 8 7 6 5
15 5 14 13 12 11 9 10 8 7 6
15 6 14 13 12 11 9 10 8 7
15 7 14 13 12 11 9 10 8
15 8 14 13 12 11 9 10
15 9 14 13 12 11
15 10 14 13 12 11 9
15 11 14 13 12
15 12 14 13
15 13 14
15 14
15 15
15 16
15 17 14 12 11 9 8 7 6 5 4 3 2
15 18 16 19
15 19 16
15 20
15 21
15 22 14 13 12 11 9 10 8 7 6 5 4 3 2 1
16 1 15 14 13 12 11 9 10 8 7 6 5 4 3 2
16 2 15 14 13 12 11 9 10 8 7 6 5 4 3
16 3 15 14 13 12 11 9 10 8 7 6 5 4
16 4 15 14 13 12 11 9 10 8 7 6 5
16 5 15 14 13 12 11 9 10 8 7 6
16 6 15 14 13 12 11 9 10 8 7
16 7 15 14 13 12 11 9 10 8
16 8 15 14 13 12 11 9 10
16 9 15 14 13 12 11
16 10 15 14 13 12 11 9
16 11 15 14 13 12
16 12 15 14 13
16 13 15 14
16 14 15
16 15
16 16
16 17 15 14 12 11 9 8 7 6 5 4 3 2
16 18 19
16 19
16 20 15
16 21 15
16 22 15 14 13 12 11 9 10 8 7 6 5 4 3 2 1
17 1
17 2
17 3
17 4 2 3
17 5 2 3 4
17 6 2 3 4 5
17 7 2 3 4 5 6
17 8 2 3 4 5 6 7
17 9 2 3 4 5 6 7 8
17 10 2 3 4 5 6 7 8
17 11 2 3 4 5 6 7 8 9
17 12 2 3 4 5 6 7 8 9 11
17 13 2 3 4 5 6 7 8 9 11 12
17 14 2 3 4 5 6 7 8 9 11 12
17 15 2 3 4 5 6 7 8 9 11 12 14
17 16 2 3 4 5 6 7 8 9 11 12 14 15
17 17
17 18
17 19 18
17 20 3 2
17 21 2
17 22 1
18 1 17
18 2 17
18 3 17
18 4 17 2 3
18 5 17 2 3 4
18 6 17 2 3 4 5
18 7 17 2 3 4 5 6
18 8 17 2 3 4 5 6 7
18 9 10
18 10
18 11 10 9
18 12 10 9 11
18 13 10 9 11 12
18 14 17 2 3 4 5 6 7 8 9 11 12
18 15 19 16
18 16 19
18 17
18 18
18 19
18 20 19 16 15
18 21 17 2
18 22 17 1
19 1 18 17
19 2 18 17
19 3 18 17
19 4 16 15 14 13 12 11 9 10 8 7 6 5
19 5 16 15 14 13 12 11 9 10 8 7 6
19 6 16 15 14 13 12 11 9 10 8 7
19 7 16 15 14 13 12 11 9 10 8
19 8 16 15 14 13 12 11 9 10
19 9 16 15 14 13 12 11
19 10 16 15 14 13 12 11 9
19 11 16 15 14 13 12
19 12 16 15 14 13
19 13 16 15 14
19 14 16 15
19 15 16
19 16
19 17 18
19 18
19 19
19 20 16 15
19 21 16 15
19 22 18 17 1
20 1 2
20 2
20 3 2
20 4 2 3
20 5 2 3 4
20 6 2 3 4 5
20 7 12 11 9 10 8
20 8 12 11 9 10
20 9 12 11
20 10 12 11 9
20 11 12
20 12
20 13 12
20 14 12
20 15
20 16 15
20 17 2 3
20 18 15 16 19
20 19 15 16
20 20
20 21 15
20 22 2 1
21 1 2
21 2
21 3 2
21 4 2 3
21 5 2 3 4
21 6 2 3 4 5
21 7 8
21 8
21 9 8
21 10 8
21 11 8 9
21 12 8 9 11
21 13 8 9 11 12
21 14 15
21 15
21 16 15
21 17 2
21 18 2 17
21 19 15 16
21 20 15
21 21
21 22 2 1
22 1
22 2 1
22 3 1 2
22 4 1 2 3
22 5 1 2 3 4
22 6 1 2 3 4 5
22 7 1 2 3 4 5 6
22 8 1 2 3 4 5 6 7
22 9 1 2 3 4 5 6 7 8
22 10 1 2 3 4 5 6 7 8
22 11 1 2 3 4 5 6 7 8 10 9
22 12 1 2 3 4 5 6 7 8 10 9 11
22 13 1 2 3 4 5 6 7 8 10 9 11 12
22 14 1 2 3 4 5 6 7 8 10 9 11 12 13
22 15 1 2 3 4 5 6 7 8 10 9 11 12 13 14
22 16 1 2 3 4 5 6 7 8 10 9 11 12 13 14 15
22 17 1
22 18 1 17
22 19 1 17 18
22 20 1 2
22 21 1 2
22 22
